0 460 504 4 4 -1.500 1.500 0.000
8 456 504 4 4 -1.500 1.500 0.000
9 452 504 4 4 -1.500 1.500 19.625
13 448 504 4 4 -1.500 1.500 19.625
29 444 504 4 4 -1.500 1.500 0.000
32 440 504 4 4 -1.500 1.500 19.625
33 235 440 15 64 4.562 60.375 23.438
34 307 466 27 26 4.625 66.125 35.500
35 440 442 52 62 2.688 60.375 56.688
36 252 316 41 79 3.688 67.438 47.938
37 133 62 68 65 2.750 61.688 72.938
38 252 251 55 65 2.438 61.750 56.625
39 334 466 12 26 4.625 66.125 20.500
40 0 211 24 86 5.125 68.062 27.562
41 0 297 24 86 -0.875 68.062 27.562
42 347 475 38 36 1.625 60.375 40.812
43 228 0 42 45 3.000 47.812 47.938
44 178 386 15 27 1.750 11.188 20.938
45 310 238 25 11 0.688 30.625 25.438
46 327 492 15 15 3.250 11.812 20.938
47 347 251 40 86 -3.562 68.062 32.625
48 245 62 43 65 2.750 61.750 47.938
49 24 211 27 62 6.375 60.375 47.938
50 73 270 40 64 3.250 61.750 47.938
51 307 337 40 65 3.188 61.750 47.938
52 133 449 45 62 1.875 60.375 47.938
53 307 402 40 64 4.000 60.375 47.938
54 415 62 42 64 3.875 60.688 47.938
55 241 127 41 62 3.625 60.375 47.938
56 331 62 42 65 3.188 61.750 47.938
57 73 142 42 64 2.812 61.750 47.938
58 178 449 15 49 3.250 45.750 20.938
59 490 377 16 61 1.750 45.750 20.938
60 409 0 42 41 3.000 45.875 47.938
61 30 178 42 28 3.000 39.312 47.938
62 451 0 42 41 3.000 45.875 47.938
63 0 77 34 65 0.125 61.750 34.312
64 0 0 73 77 4.000 61.750 80.750
65 193 189 59 62 -0.812 60.375 56.375
66 193 376 47 64 5.812 61.000 54.625
67 387 439 49 65 3.438 61.750 52.688
68 387 313 52 64 5.812 61.000 60.625
69 199 127 42 62 5.812 60.375 48.562
70 472 189 39 62 5.812 60.375 45.625
71 440 377 50 65 3.438 61.750 57.125
72 193 251 49 62 5.812 60.375 59.938
73 492 251 12 62 5.812 60.375 22.875
74 73 334 38 64 -0.812 60.375 42.500
75 423 189 49 62 5.812 60.375 53.438
76 282 127 39 62 5.812 60.375 44.125
77 133 127 66 62 4.188 60.375 74.062
78 441 251 51 62 5.812 60.375 61.875
79 133 189 60 65 3.438 61.750 66.125
80 133 386 45 63 5.812 61.000 51.688
81 73 62 60 80 3.438 61.750 66.125
82 193 313 48 63 5.812 61.000 53.438
83 288 62 43 65 1.312 61.750 45.250
84 374 189 49 62 -0.125 60.375 48.000
85 252 395 48 64 5.375 60.375 58.500
86 252 189 58 62 -0.625 60.375 55.750
87 73 0 78 62 0.875 60.375 78.938
88 387 251 54 62 0.438 60.375 53.625
89 387 377 53 62 -1.000 60.375 50.812
90 133 324 46 62 1.312 60.375 48.688
91 47 379 23 86 6.688 68.062 27.938
92 307 251 40 86 -3.562 68.062 32.625
93 24 379 23 86 -0.812 68.062 27.938
94 30 142 43 36 2.500 60.375 47.938
95 439 361 46 10 -1.812 -7.500 41.812
96 307 492 20 20 3.688 67.438 31.938
97 190 0 38 50 2.125 46.812 44.375
98 133 254 42 70 5.312 67.438 50.062
99 300 0 37 50 2.812 46.812 39.500
100 193 440 42 70 2.812 67.438 50.062
101 365 127 42 50 2.812 46.812 47.500
102 0 142 30 69 5.312 67.438 32.812
103 373 62 42 65 2.812 46.625 49.125
104 347 406 39 69 5.312 67.438 48.562
105 293 316 14 66 4.125 64.062 21.500
106 24 297 25 82 -7.250 64.062 21.500
107 347 337 40 69 5.312 67.438 44.375
108 492 442 18 70 5.125 67.438 23.188
109 310 189 64 49 5.312 46.625 73.188
110 450 127 39 49 5.312 46.625 48.812
111 252 459 45 50 2.812 46.812 50.125
112 457 62 42 64 5.312 46.625 50.062
113 73 206 42 64 2.812 46.625 50.062
114 34 77 29 49 5.312 46.625 32.812
115 374 0 35 50 1.875 46.812 37.938
116 270 0 30 62 4.812 59.375 34.188
117 151 0 39 49 4.812 45.688 48.812
118 407 127 43 48 -0.125 45.688 42.688
119 439 313 67 48 0.000 45.688 66.062
120 321 127 44 48 -0.125 45.688 43.438
121 201 62 44 64 -1.312 45.688 42.250
122 337 0 37 48 1.562 45.688 40.062
123 101 398 28 86 1.875 68.062 28.312
124 0 383 11 86 6.688 68.062 23.688
125 73 398 28 86 -0.812 68.062 28.312
126 451 41 44 18 2.062 34.000 47.938
